|   race |    5 |    4 |   1 |    3 |    2 |   expected_5 |   expected_4 |   expected_1 |   expected_3 |   expected_2 |   delta_5 |   delta_4 |   delta_1 |   delta_3 |   delta_2 |
|-------:|-----:|-----:|----:|-----:|-----:|-------------:|-------------:|-------------:|-------------:|-------------:|----------:|----------:|----------:|----------:|----------:|
|      7 | 1640 | 8686 | 224 | 6449 | 1491 |         1516 |         8166 |          379 |         6601 |         1825 |       124 |       520 |      -155 |      -152 |      -334 |
|      4 |   12 |   93 |  29 |  146 |  112 |           32 |          173 |            8 |          139 |           38 |       -20 |       -80 |        21 |         7 |        74 |
|      2 |   60 |  379 |  37 |  310 |  103 |           72 |          392 |           18 |          317 |           87 |       -12 |       -13 |        19 |        -7 |        16 |
|      3 |   34 |  290 | 108 |  594 |  286 |          107 |          579 |           26 |          468 |          129 |       -73 |      -289 |        82 |       126 |       157 |
|      6 |   26 |  147 |  25 |  198 |   99 |           40 |          218 |           10 |          176 |           48 |       -14 |       -71 |        15 |        22 |        51 |
|      8 |   32 |  108 |  15 |  107 |   37 |           24 |          132 |            6 |          106 |           29 |         8 |       -24 |         9 |         1 |         8 |
|      1 |    5 |   22 |   8 |   45 |   25 |            8 |           46 |            2 |           37 |           10 |        -3 |       -24 |         6 |         8 |        15 |
|      5 |    4 |   39 |   8 |   44 |   29 |           10 |           54 |            2 |           44 |           12 |        -6 |       -15 |         6 |         0 |        17 |



Chi squared: 1322.3789

P-value: 0.0000

Degrees of Freedom: 28
|   race |    5 |    4 |   1 |    3 |    2 |   expected_5 |   expected_4 |   expected_1 |   expected_3 |   expected_2 |   delta_5 |   delta_4 |   delta_1 |   delta_3 |   delta_2 |
|-------:|-----:|-----:|----:|-----:|-----:|-------------:|-------------:|-------------:|-------------:|-------------:|----------:|----------:|----------:|----------:|----------:|
|      7 | 1640 | 8686 | 224 | 6449 | 1491 |         1516 |         8166 |          379 |         6601 |         1825 |       124 |       520 |      -155 |      -152 |      -334 |
|      4 |   12 |   93 |  29 |  146 |  112 |           32 |          173 |            8 |          139 |           38 |       -20 |       -80 |        21 |         7 |        74 |
|      2 |   60 |  379 |  37 |  310 |  103 |           72 |          392 |           18 |          317 |           87 |       -12 |       -13 |        19 |        -7 |        16 |
|      3 |   34 |  290 | 108 |  594 |  286 |          107 |          579 |           26 |          468 |          129 |       -73 |      -289 |        82 |       126 |       157 |
|      6 |   26 |  147 |  25 |  198 |   99 |           40 |          218 |           10 |          176 |           48 |       -14 |       -71 |        15 |        22 |        51 |
|      8 |   32 |  108 |  15 |  107 |   37 |           24 |          132 |            6 |          106 |           29 |         8 |       -24 |         9 |         1 |         8 |
|      1 |    5 |   22 |   8 |   45 |   25 |            8 |           46 |            2 |           37 |           10 |        -3 |       -24 |         6 |         8 |        15 |
|      5 |    4 |   39 |   8 |   44 |   29 |           10 |           54 |            2 |           44 |           12 |        -6 |       -15 |         6 |         0 |        17 |



Chi squared: 1322.3789

P-value: 0.0000

Degrees of Freedom: 28
