|   race |     1 |   0 |   expected_1 |   expected_0 |   delta_1 |   delta_0 |
|-------:|------:|----:|-------------:|-------------:|----------:|----------:|
|      7 | 18087 | 629 |        17740 |          975 |       347 |      -346 |
|      4 |   350 |  46 |          375 |           20 |       -25 |        26 |
|      2 |   827 |  70 |          850 |           46 |       -23 |        24 |
|      3 |  1045 | 298 |         1273 |           69 |      -228 |       229 |
|      6 |   450 |  56 |          479 |           26 |       -29 |        30 |
|      8 |   280 |  23 |          287 |           15 |        -7 |         8 |
|      1 |    86 |  19 |           99 |            5 |       -13 |        14 |
|      5 |    99 |  26 |          118 |            6 |       -19 |        20 |



Chi squared: 1093.7736

P-value: 0.0000

Degrees of Freedom: 7
|   race |     1 |   0 |   expected_1 |   expected_0 |   delta_1 |   delta_0 |
|-------:|------:|----:|-------------:|-------------:|----------:|----------:|
|      7 | 18087 | 629 |        17740 |          975 |       347 |      -346 |
|      4 |   350 |  46 |          375 |           20 |       -25 |        26 |
|      2 |   827 |  70 |          850 |           46 |       -23 |        24 |
|      3 |  1045 | 298 |         1273 |           69 |      -228 |       229 |
|      6 |   450 |  56 |          479 |           26 |       -29 |        30 |
|      8 |   280 |  23 |          287 |           15 |        -7 |         8 |
|      1 |    86 |  19 |           99 |            5 |       -13 |        14 |
|      5 |    99 |  26 |          118 |            6 |       -19 |        20 |



Chi squared: 1093.7736

P-value: 0.0000

Degrees of Freedom: 7
