|   race |    0 |     1 |   expected_0 |   expected_1 |   delta_0 |   delta_1 |
|-------:|-----:|------:|-------------:|-------------:|----------:|----------:|
|      7 | 7904 | 10809 |         8210 |        10502 |      -306 |       307 |
|      4 |  172 |   224 |          173 |          222 |        -1 |         2 |
|      2 |  445 |   452 |          393 |          503 |        52 |       -51 |
|      3 |  831 |   511 |          588 |          753 |       243 |      -242 |
|      6 |  242 |   264 |          222 |          283 |        20 |       -19 |
|      8 |  130 |   173 |          132 |          170 |        -2 |         3 |
|      1 |   40 |    65 |           46 |           58 |        -6 |         7 |
|      5 |   58 |    67 |           54 |           70 |         4 |        -3 |



Chi squared: 214.9544

P-value: 0.0000

Degrees of Freedom: 7
|   race |    0 |     1 |   expected_0 |   expected_1 |   delta_0 |   delta_1 |
|-------:|-----:|------:|-------------:|-------------:|----------:|----------:|
|      7 | 7904 | 10809 |         8210 |        10502 |      -306 |       307 |
|      4 |  172 |   224 |          173 |          222 |        -1 |         2 |
|      2 |  445 |   452 |          393 |          503 |        52 |       -51 |
|      3 |  831 |   511 |          588 |          753 |       243 |      -242 |
|      6 |  242 |   264 |          222 |          283 |        20 |       -19 |
|      8 |  130 |   173 |          132 |          170 |        -2 |         3 |
|      1 |   40 |    65 |           46 |           58 |        -6 |         7 |
|      5 |   58 |    67 |           54 |           70 |         4 |        -3 |



Chi squared: 214.9544

P-value: 0.0000

Degrees of Freedom: 7
