|   fam_inc |    4 |   2 |    3 |    5 |   1 |    6 |   expected_4 |   expected_2 |   expected_3 |   expected_5 |   expected_1 |   expected_6 |   delta_4 |   delta_2 |   delta_3 |   delta_5 |   delta_1 |   delta_6 |
|----------:|-----:|----:|-----:|-----:|----:|-----:|-------------:|-------------:|-------------:|-------------:|-------------:|-------------:|----------:|----------:|----------:|----------:|----------:|----------:|
|         5 |  384 | 109 |  608 |  409 |  23 |  271 |          493 |          137 |          646 |          313 |           47 |          165 |      -109 |       -28 |       -38 |        96 |       -24 |       106 |
|         4 | 2609 | 710 | 3501 | 1734 | 174 | 1004 |         2659 |          740 |         3486 |         1691 |          258 |          895 |       -50 |       -30 |        15 |        43 |       -84 |       109 |
|         1 |  111 |  35 |  146 |   93 |  31 |   36 |          123 |           34 |          161 |           78 |           12 |           41 |       -12 |         1 |       -15 |        15 |        19 |        -5 |
|         3 | 2241 | 652 | 2955 | 1228 | 233 |  554 |         2148 |          597 |         2817 |         1366 |          208 |          723 |        93 |        55 |       138 |      -138 |        25 |      -169 |
|         2 |  675 | 169 |  682 |  365 | 124 |  161 |          594 |          165 |          779 |          378 |           57 |          200 |        81 |         4 |       -97 |       -13 |        67 |       -39 |



Chi squared: 400.3324

P-value: 0.0000

Degrees of Freedom: 20
|   fam_inc |    4 |   2 |    3 |    5 |   1 |    6 |   expected_4 |   expected_2 |   expected_3 |   expected_5 |   expected_1 |   expected_6 |   delta_4 |   delta_2 |   delta_3 |   delta_5 |   delta_1 |   delta_6 |
|----------:|-----:|----:|-----:|-----:|----:|-----:|-------------:|-------------:|-------------:|-------------:|-------------:|-------------:|----------:|----------:|----------:|----------:|----------:|----------:|
|         5 |  384 | 109 |  608 |  409 |  23 |  271 |          493 |          137 |          646 |          313 |           47 |          165 |      -109 |       -28 |       -38 |        96 |       -24 |       106 |
|         4 | 2609 | 710 | 3501 | 1734 | 174 | 1004 |         2659 |          740 |         3486 |         1691 |          258 |          895 |       -50 |       -30 |        15 |        43 |       -84 |       109 |
|         1 |  111 |  35 |  146 |   93 |  31 |   36 |          123 |           34 |          161 |           78 |           12 |           41 |       -12 |         1 |       -15 |        15 |        19 |        -5 |
|         3 | 2241 | 652 | 2955 | 1228 | 233 |  554 |         2148 |          597 |         2817 |         1366 |          208 |          723 |        93 |        55 |       138 |      -138 |        25 |      -169 |
|         2 |  675 | 169 |  682 |  365 | 124 |  161 |          594 |          165 |          779 |          378 |           57 |          200 |        81 |         4 |       -97 |       -13 |        67 |       -39 |



Chi squared: 400.3324

P-value: 0.0000

Degrees of Freedom: 20
