|   race |    4 |    2 |    3 |    5 |   1 |    6 |   expected_4 |   expected_2 |   expected_3 |   expected_5 |   expected_1 |   expected_6 |   delta_4 |   delta_2 |   delta_3 |   delta_5 |   delta_1 |   delta_6 |
|-------:|-----:|-----:|-----:|-----:|----:|-----:|-------------:|-------------:|-------------:|-------------:|-------------:|-------------:|----------:|----------:|----------:|----------:|----------:|----------:|
|      7 | 5155 | 1529 | 6978 | 3108 | 260 | 1594 |         5078 |         1414 |         6671 |         3251 |          495 |         1711 |        77 |       115 |       307 |      -143 |      -235 |      -117 |
|      4 |  114 |    9 |   98 |   87 |  42 |   45 |          107 |           29 |          141 |           68 |           10 |           36 |         7 |       -20 |       -43 |        19 |        32 |         9 |
|      2 |  189 |   25 |  259 |  261 |  14 |  149 |          244 |           68 |          321 |          156 |           23 |           82 |       -55 |       -43 |       -62 |       105 |        -9 |        67 |
|      3 |  391 |   58 |  306 |  218 | 238 |  131 |          365 |          101 |          480 |          234 |           35 |          123 |        26 |       -43 |      -174 |       -16 |       203 |         8 |
|      6 |  111 |   40 |  172 |  105 |  19 |   59 |          137 |           38 |          181 |           88 |           13 |           46 |       -26 |         2 |        -9 |        17 |         6 |        13 |
|      8 |   57 |   13 |  111 |   73 |  10 |   37 |           82 |           22 |          107 |           52 |            8 |           27 |       -25 |        -9 |         4 |        21 |         2 |        10 |
|      1 |   45 |   13 |   16 |   16 |   6 |    9 |           28 |            7 |           37 |           18 |            2 |            9 |        17 |         6 |       -21 |        -2 |         4 |         0 |
|      5 |   18 |    6 |   47 |   25 |   4 |   25 |           34 |            9 |           44 |           21 |            3 |           11 |       -16 |        -3 |         3 |         4 |         1 |        14 |



Chi squared: 1784.8508

P-value: 0.0000

Degrees of Freedom: 35
|   race |    4 |    2 |    3 |    5 |   1 |    6 |   expected_4 |   expected_2 |   expected_3 |   expected_5 |   expected_1 |   expected_6 |   delta_4 |   delta_2 |   delta_3 |   delta_5 |   delta_1 |   delta_6 |
|-------:|-----:|-----:|-----:|-----:|----:|-----:|-------------:|-------------:|-------------:|-------------:|-------------:|-------------:|----------:|----------:|----------:|----------:|----------:|----------:|
|      7 | 5155 | 1529 | 6978 | 3108 | 260 | 1594 |         5078 |         1414 |         6671 |         3251 |          495 |         1711 |        77 |       115 |       307 |      -143 |      -235 |      -117 |
|      4 |  114 |    9 |   98 |   87 |  42 |   45 |          107 |           29 |          141 |           68 |           10 |           36 |         7 |       -20 |       -43 |        19 |        32 |         9 |
|      2 |  189 |   25 |  259 |  261 |  14 |  149 |          244 |           68 |          321 |          156 |           23 |           82 |       -55 |       -43 |       -62 |       105 |        -9 |        67 |
|      3 |  391 |   58 |  306 |  218 | 238 |  131 |          365 |          101 |          480 |          234 |           35 |          123 |        26 |       -43 |      -174 |       -16 |       203 |         8 |
|      6 |  111 |   40 |  172 |  105 |  19 |   59 |          137 |           38 |          181 |           88 |           13 |           46 |       -26 |         2 |        -9 |        17 |         6 |        13 |
|      8 |   57 |   13 |  111 |   73 |  10 |   37 |           82 |           22 |          107 |           52 |            8 |           27 |       -25 |        -9 |         4 |        21 |         2 |        10 |
|      1 |   45 |   13 |   16 |   16 |   6 |    9 |           28 |            7 |           37 |           18 |            2 |            9 |        17 |         6 |       -21 |        -2 |         4 |         0 |
|      5 |   18 |    6 |   47 |   25 |   4 |   25 |           34 |            9 |           44 |           21 |            3 |           11 |       -16 |        -3 |         3 |         4 |         1 |        14 |



Chi squared: 1784.8508

P-value: 0.0000

Degrees of Freedom: 35
