|   race |     1 |    2 |   expected_1 |   expected_2 |   delta_1 |   delta_2 |
|-------:|------:|-----:|-------------:|-------------:|----------:|----------:|
|      7 | 17209 | 1480 |        17251 |         1437 |       -42 |        43 |
|      4 |   379 |   16 |          364 |           30 |        15 |       -14 |
|      2 |   854 |   42 |          827 |           68 |        27 |       -26 |
|      3 |  1236 |  104 |         1236 |          103 |         0 |         1 |
|      6 |   471 |   35 |          467 |           38 |         4 |        -3 |
|      8 |   286 |   17 |          279 |           23 |         7 |        -6 |
|      1 |    95 |   10 |           96 |            8 |        -1 |         2 |
|      5 |   108 |   16 |          114 |            9 |        -6 |         7 |



Chi squared: 27.6467

P-value: 0.0003

Degrees of Freedom: 7
|   race |     1 |    2 |   expected_1 |   expected_2 |   delta_1 |   delta_2 |
|-------:|------:|-----:|-------------:|-------------:|----------:|----------:|
|      7 | 17209 | 1480 |        17251 |         1437 |       -42 |        43 |
|      4 |   379 |   16 |          364 |           30 |        15 |       -14 |
|      2 |   854 |   42 |          827 |           68 |        27 |       -26 |
|      3 |  1236 |  104 |         1236 |          103 |         0 |         1 |
|      6 |   471 |   35 |          467 |           38 |         4 |        -3 |
|      8 |   286 |   17 |          279 |           23 |         7 |        -6 |
|      1 |    95 |   10 |           96 |            8 |        -1 |         2 |
|      5 |   108 |   16 |          114 |            9 |        -6 |         7 |



Chi squared: 27.6467

P-value: 0.0003

Degrees of Freedom: 7
