|              |   abs_frequency |   rel_frequency_tot |   rel_f_fam_inc_by_tier |   rel_f_tier_by_fam_inc |
|:-------------|----------------:|--------------------:|------------------------:|------------------------:|
| (1, 1)       |              31 |                0.14 |                6.82819  |                 5.21886 |
| (1, 2)       |              35 |                0.16 |                7.70925  |                 2.06612 |
| (1, 3)       |             146 |                0.65 |               32.1586   |                 1.82706 |
| (1, 4)       |             111 |                0.5  |               24.4493   |                 1.82476 |
| (1, 5)       |              93 |                0.42 |               20.4846   |                 2.38768 |
| (1, 6)       |              36 |                0.16 |                7.92952  |                 1.75268 |
| (1, <NA>)    |               2 |                0.01 |                0.440529 |               nan       |
| (2, 1)       |             124 |                0.55 |                5.68026  |                20.8754  |
| (2, 2)       |             169 |                0.75 |                7.74164  |                 9.97639 |
| (2, 3)       |             682 |                3.04 |               31.2414   |                 8.5346  |
| (2, 4)       |             675 |                3.01 |               30.9208   |                11.0965  |
| (2, 5)       |             365 |                1.63 |               16.7201   |                 9.37099 |
| (2, 6)       |             161 |                0.72 |                7.37517  |                 7.83836 |
| (2, <NA>)    |               7 |                0.03 |                0.32066  |               nan       |
| (3, 1)       |             233 |                1.04 |                2.95086  |                39.2256  |
| (3, 2)       |             652 |                2.91 |                8.25735  |                38.4888  |
| (3, 3)       |            2955 |               13.19 |               37.424    |                36.9791  |
| (3, 4)       |            2241 |               10    |               28.3815   |                36.8404  |
| (3, 5)       |            1228 |                5.48 |               15.5522   |                31.5276  |
| (3, 6)       |             554 |                2.47 |                7.01621  |                26.9718  |
| (3, <NA>)    |              33 |                0.15 |                0.417933 |               nan       |
| (4, 1)       |             174 |                0.78 |                1.78078  |                29.2929  |
| (4, 2)       |             710 |                3.17 |                7.2664   |                41.9126  |
| (4, 3)       |            3501 |               15.62 |               35.8305   |                43.8118  |
| (4, 4)       |            2609 |               11.64 |               26.7015   |                42.89    |
| (4, 5)       |            1734 |                7.74 |               17.7464   |                44.5186  |
| (4, 6)       |            1004 |                4.48 |               10.2753   |                48.8802  |
| (4, <NA>)    |              39 |                0.17 |                0.39914  |               nan       |
| (5, 1)       |              23 |                0.1  |                1.26792  |                 3.87205 |
| (5, 2)       |             109 |                0.49 |                6.00882  |                 6.43447 |
| (5, 3)       |             608 |                2.71 |               33.5171   |                 7.60856 |
| (5, 4)       |             384 |                1.71 |               21.1687   |                 6.31267 |
| (5, 5)       |             409 |                1.83 |               22.5469   |                10.5006  |
| (5, 6)       |             271 |                1.21 |               14.9394   |                13.1938  |
| (5, <NA>)    |              10 |                0.04 |                0.551268 |               nan       |
| (<NA>, 1)    |               9 |                0.04 |              nan        |                 1.51515 |
| (<NA>, 2)    |              19 |                0.08 |              nan        |                 1.12161 |
| (<NA>, 3)    |              99 |                0.44 |              nan        |                 1.23889 |
| (<NA>, 4)    |              63 |                0.28 |              nan        |                 1.03567 |
| (<NA>, 5)    |              66 |                0.29 |              nan        |                 1.69448 |
| (<NA>, 6)    |              28 |                0.12 |              nan        |                 1.36319 |
| (<NA>, <NA>) |               5 |                0.02 |              nan        |               nan       |

       

