|           |   abs_frequency |   rel_frequency_tot |   rel_f_fam_inc_by_pass_bar |   rel_f_pass_bar_by_fam_inc |
|:----------|----------------:|--------------------:|----------------------------:|----------------------------:|
| (1, 0)    |              63 |                0.28 |                    13.8767  |                     5.38922 |
| (1, 1)    |             391 |                1.74 |                    86.1233  |                     1.84104 |
| (2, 0)    |             190 |                0.85 |                     8.70362 |                    16.2532  |
| (2, 1)    |            1993 |                8.89 |                    91.2964  |                     9.38412 |
| (3, 0)    |             447 |                1.99 |                     5.66109 |                    38.2378  |
| (3, 1)    |            7449 |               33.24 |                    94.3389  |                    35.0739  |
| (4, 0)    |             378 |                1.69 |                     3.86859 |                    32.3353  |
| (4, 1)    |            9393 |               41.92 |                    96.1314  |                    44.2273  |
| (5, 0)    |              68 |                0.3  |                     3.74862 |                     5.81694 |
| (5, 1)    |            1746 |                7.79 |                    96.2514  |                     8.22111 |
| (<NA>, 0) |              23 |                0.1  |                   nan       |                     1.96749 |
| (<NA>, 1) |             266 |                1.19 |                   nan       |                     1.25247 |

       

