|              |   abs_frequency |   rel_frequency_tot |   rel_f_fam_inc_by_male |   rel_f_male_by_fam_inc |
|:-------------|----------------:|--------------------:|------------------------:|------------------------:|
| (1, 0)       |             216 |                0.96 |               47.5771   |                 2.19825 |
| (1, 1)       |             238 |                1.06 |               52.4229   |                 1.89249 |
| (2, 0)       |            1002 |                4.47 |               45.9001   |                10.1974  |
| (2, 1)       |            1179 |                5.26 |               54.0082   |                 9.375   |
| (2, <NA>)    |               2 |                0.01 |                0.091617 |               nan       |
| (3, 0)       |            3612 |               16.12 |               45.7447   |                36.7596  |
| (3, 1)       |            4284 |               19.12 |               54.2553   |                34.0649  |
| (4, 0)       |            4210 |               18.79 |               43.0867   |                42.8455  |
| (4, 1)       |            5561 |               24.82 |               56.9133   |                44.2191  |
| (5, 0)       |             670 |                2.99 |               36.935    |                 6.81864 |
| (5, 1)       |            1144 |                5.11 |               63.065    |                 9.09669 |
| (<NA>, 0)    |             116 |                0.52 |              nan        |                 1.18054 |
| (<NA>, 1)    |             170 |                0.76 |              nan        |                 1.35178 |
| (<NA>, <NA>) |               3 |                0.01 |              nan        |               nan       |

       

