|              |   abs_frequency |   rel_frequency_tot |   rel_f_fulltime_by_fam_inc |   rel_f_fam_inc_by_fulltime |
|:-------------|----------------:|--------------------:|----------------------------:|----------------------------:|
| (1, 1)       |             405 |                1.81 |                     1.96097 |                  89.207     |
| (1, 2)       |            1959 |                8.74 |                     9.4853  |                  89.7389    |
| (1, 3)       |            7123 |               31.79 |                    34.4889  |                  90.2102    |
| (1, 4)       |            9162 |               40.89 |                    44.3616  |                  93.7673    |
| (1, 5)       |            1740 |                7.77 |                     8.42493 |                  95.9206    |
| (1, <NA>)    |             264 |                1.18 |                     1.27826 |                 nan         |
| (2, 1)       |              47 |                0.21 |                     2.73256 |                  10.3524    |
| (2, 2)       |             223 |                1    |                    12.9651  |                  10.2153    |
| (2, 3)       |             761 |                3.4  |                    44.2442  |                   9.63779   |
| (2, 4)       |             596 |                2.66 |                    34.6512  |                   6.09968   |
| (2, 5)       |              74 |                0.33 |                     4.30233 |                   4.07938   |
| (2, <NA>)    |              19 |                0.08 |                     1.10465 |                 nan         |
| (<NA>, 1)    |               2 |                0.01 |                   nan       |                   0.440529  |
| (<NA>, 2)    |               1 |                0    |                   nan       |                   0.0458085 |
| (<NA>, 3)    |              12 |                0.05 |                   nan       |                   0.151976  |
| (<NA>, 4)    |              13 |                0.06 |                   nan       |                   0.133047  |
| (<NA>, <NA>) |               6 |                0.03 |                   nan       |                 nan         |

       

