|           |   abs_frequency |   rel_frequency_tot |   rel_f_fulltime_by_pass_bar |   rel_f_pass_bar_by_fulltime |
|:----------|----------------:|--------------------:|-----------------------------:|-----------------------------:|
| (1, 0)    |             986 |                4.4  |                      4.77412 |                    84.3456   |
| (1, 1)    |           19667 |               87.77 |                     95.2259  |                    92.6029   |
| (2, 0)    |             178 |                0.79 |                     10.3488  |                    15.2267   |
| (2, 1)    |            1542 |                6.88 |                     89.6512  |                     7.26057  |
| (<NA>, 0) |               5 |                0.02 |                    nan       |                     0.427716 |
| (<NA>, 1) |              29 |                0.13 |                    nan       |                     0.136548 |

       

