|           |   abs_frequency |   rel_frequency_tot |   rel_f_fulltime_by_male |   rel_f_male_by_fulltime |
|:----------|----------------:|--------------------:|-------------------------:|-------------------------:|
| (1, 0)    |            9038 |               40.34 |               43.7612    |                91.9805   |
| (1, 1)    |           11610 |               51.81 |               56.2146    |                92.3187   |
| (1, <NA>) |               5 |                0.02 |                0.0242096 |               nan        |
| (2, 0)    |             773 |                3.45 |               44.9419    |                 7.86688  |
| (2, 1)    |             947 |                4.23 |               55.0581    |                 7.53022  |
| (<NA>, 0) |              15 |                0.07 |              nan         |                 0.152656 |
| (<NA>, 1) |              19 |                0.08 |              nan         |                 0.151081 |

       

