|           |   abs_frequency |   rel_frequency_tot |   rel_f_male_by_tier |   rel_f_tier_by_male |
|:----------|----------------:|--------------------:|---------------------:|---------------------:|
| (0, 1)    |             303 |                1.35 |             3.08366  |           51.0101    |
| (0, 2)    |             621 |                2.77 |             6.31997  |           36.6588    |
| (0, 3)    |            3552 |               15.85 |            36.149    |           44.45      |
| (0, 4)    |            2632 |               11.75 |            26.7861   |           43.2681    |
| (0, 5)    |            1749 |                7.81 |            17.7997   |           44.9037    |
| (0, 6)    |             936 |                4.18 |             9.52575  |           45.5696    |
| (0, <NA>) |              33 |                0.15 |             0.335844 |          nan         |
| (1, 1)    |             291 |                1.3  |             2.31393  |           48.9899    |
| (1, 2)    |            1073 |                4.79 |             8.53212  |           63.3412    |
| (1, 3)    |            4437 |               19.8  |            35.2815   |           55.525     |
| (1, 4)    |            3449 |               15.39 |            27.4253   |           56.699     |
| (1, 5)    |            2145 |                9.57 |            17.0563   |           55.0706    |
| (1, 6)    |            1118 |                4.99 |             8.88995  |           54.4304    |
| (1, <NA>) |              63 |                0.28 |             0.500954 |          nan         |
| (<NA>, 3) |               2 |                0.01 |           nan        |            0.0250282 |
| (<NA>, 4) |               2 |                0.01 |           nan        |            0.0328785 |
| (<NA>, 5) |               1 |                0    |           nan        |            0.0256739 |

       

