|           |   abs_frequency |   rel_frequency_tot |   rel_f_pass_bar_by_tier |   rel_f_tier_by_pass_bar |
|:----------|----------------:|--------------------:|-------------------------:|-------------------------:|
| (0, 1)    |             132 |                0.59 |                11.2917   |                 22.2222  |
| (0, 2)    |             141 |                0.63 |                12.0616   |                  8.32349 |
| (0, 3)    |             425 |                1.9  |                36.3559   |                  5.31848 |
| (0, 4)    |             242 |                1.08 |                20.7015   |                  3.9783  |
| (0, 5)    |             182 |                0.81 |                15.5689   |                  4.67266 |
| (0, 6)    |              37 |                0.17 |                 3.1651   |                  1.80136 |
| (0, <NA>) |              10 |                0.04 |                 0.855432 |                nan       |
| (1, 1)    |             462 |                2.06 |                 2.17535  |                 77.7778  |
| (1, 2)    |            1553 |                6.93 |                 7.31236  |                 91.6765  |
| (1, 3)    |            7566 |               33.77 |                35.6248   |                 94.6815  |
| (1, 4)    |            5841 |               26.07 |                27.5026   |                 96.0217  |
| (1, 5)    |            3713 |               16.57 |                17.4828   |                 95.3273  |
| (1, 6)    |            2017 |                9    |                 9.49713  |                 98.1986  |
| (1, <NA>) |              86 |                0.38 |                 0.404935 |                nan       |

       

