|           |   abs_frequency |   rel_frequency_tot |   rel_f_race_by_pass_bar |   rel_f_pass_bar_by_race |
|:----------|----------------:|--------------------:|-------------------------:|-------------------------:|
| (1, 0)    |              19 |                0.08 |                 18.0952  |                1.62532   |
| (1, 1)    |              86 |                0.38 |                 81.9048  |                0.404935  |
| (2, 0)    |              70 |                0.31 |                  7.80379 |                5.98802   |
| (2, 1)    |             827 |                3.69 |                 92.1962  |                3.89396   |
| (3, 0)    |             298 |                1.33 |                 22.1891  |               25.4919    |
| (3, 1)    |            1045 |                4.66 |                 77.8109  |                4.92043   |
| (4, 0)    |              46 |                0.21 |                 11.6162  |                3.93499   |
| (4, 1)    |             350 |                1.56 |                 88.3838  |                1.64799   |
| (5, 0)    |              26 |                0.12 |                 20.8     |                2.22412   |
| (5, 1)    |              99 |                0.44 |                 79.2     |                0.466146  |
| (6, 0)    |              56 |                0.25 |                 11.0672  |                4.79042   |
| (6, 1)    |             450 |                2.01 |                 88.9328  |                2.11884   |
| (7, 0)    |             629 |                2.81 |                  3.36076 |               53.8067    |
| (7, 1)    |           18087 |               80.72 |                 96.6392  |               85.1634    |
| (8, 0)    |              23 |                0.1  |                  7.59076 |                1.96749   |
| (8, 1)    |             280 |                1.25 |                 92.4092  |                1.31839   |
| (<NA>, 0) |               2 |                0.01 |                nan       |                0.171086  |
| (<NA>, 1) |              14 |                0.06 |                nan       |                0.0659196 |

       

