|              |   abs_frequency |   rel_frequency_tot |   rel_f_race_by_fam_inc |   rel_f_fam_inc_by_race |
|:-------------|----------------:|--------------------:|------------------------:|------------------------:|
| (1, 1)       |               8 |                0.04 |                7.61905  |               1.76211   |
| (1, 2)       |              25 |                0.11 |               23.8095   |               1.14521   |
| (1, 3)       |              45 |                0.2  |               42.8571   |               0.569909  |
| (1, 4)       |              22 |                0.1  |               20.9524   |               0.225156  |
| (1, 5)       |               5 |                0.02 |                4.7619   |               0.275634  |
| (2, 1)       |              37 |                0.17 |                4.12486  |               8.14978   |
| (2, 2)       |             103 |                0.46 |               11.4827   |               4.71828   |
| (2, 3)       |             310 |                1.38 |               34.5596   |               3.92604   |
| (2, 4)       |             379 |                1.69 |               42.252    |               3.87883   |
| (2, 5)       |              60 |                0.27 |                6.68896  |               3.30761   |
| (2, <NA>)    |               8 |                0.04 |                0.891862 |             nan         |
| (3, 1)       |             108 |                0.48 |                8.0417   |              23.7885    |
| (3, 2)       |             286 |                1.28 |               21.2956   |              13.1012    |
| (3, 3)       |             594 |                2.65 |               44.2293   |               7.5228    |
| (3, 4)       |             290 |                1.29 |               21.5934   |               2.96797   |
| (3, 5)       |              34 |                0.15 |                2.53165  |               1.87431   |
| (3, <NA>)    |              31 |                0.14 |                2.30827  |             nan         |
| (4, 1)       |              29 |                0.13 |                7.32323  |               6.38767   |
| (4, 2)       |             112 |                0.5  |               28.2828   |               5.13055   |
| (4, 3)       |             146 |                0.65 |               36.8687   |               1.84904   |
| (4, 4)       |              93 |                0.42 |               23.4848   |               0.951796  |
| (4, 5)       |              12 |                0.05 |                3.0303   |               0.661521  |
| (4, <NA>)    |               4 |                0.02 |                1.0101   |             nan         |
| (5, 1)       |               8 |                0.04 |                6.4      |               1.76211   |
| (5, 2)       |              29 |                0.13 |               23.2      |               1.32845   |
| (5, 3)       |              44 |                0.2  |               35.2      |               0.557244  |
| (5, 4)       |              39 |                0.17 |               31.2      |               0.39914   |
| (5, 5)       |               4 |                0.02 |                3.2      |               0.220507  |
| (5, <NA>)    |               1 |                0    |                0.8      |             nan         |
| (6, 1)       |              25 |                0.11 |                4.94071  |               5.50661   |
| (6, 2)       |              99 |                0.44 |               19.5652   |               4.53504   |
| (6, 3)       |             198 |                0.88 |               39.1304   |               2.5076    |
| (6, 4)       |             147 |                0.66 |               29.0514   |               1.50445   |
| (6, 5)       |              26 |                0.12 |                5.13834  |               1.4333    |
| (6, <NA>)    |              11 |                0.05 |                2.17391  |             nan         |
| (7, 1)       |             224 |                1    |                1.19684  |              49.3392    |
| (7, 2)       |            1491 |                6.65 |                7.96645  |              68.3005    |
| (7, 3)       |            6449 |               28.78 |               34.4571   |              81.6743    |
| (7, 4)       |            8686 |               38.76 |               46.4095   |              88.8957    |
| (7, 5)       |            1640 |                7.32 |                8.76256  |              90.4079    |
| (7, <NA>)    |             226 |                1.01 |                1.20752  |             nan         |
| (8, 1)       |              15 |                0.07 |                4.9505   |               3.30396   |
| (8, 2)       |              37 |                0.17 |               12.2112   |               1.69492   |
| (8, 3)       |             107 |                0.48 |               35.3135   |               1.35512   |
| (8, 4)       |             108 |                0.48 |               35.6436   |               1.10531   |
| (8, 5)       |              32 |                0.14 |               10.5611   |               1.76406   |
| (8, <NA>)    |               4 |                0.02 |                1.32013  |             nan         |
| (<NA>, 2)    |               1 |                0    |              nan        |               0.0458085 |
| (<NA>, 3)    |               3 |                0.01 |              nan        |               0.0379939 |
| (<NA>, 4)    |               7 |                0.03 |              nan        |               0.0716406 |
| (<NA>, 5)    |               1 |                0    |              nan        |               0.0551268 |
| (<NA>, <NA>) |               4 |                0.02 |              nan        |             nan         |

       

