|           |   abs_frequency |   rel_frequency_tot |   rel_f_fulltime_by_tier |   rel_f_tier_by_fulltime |
|:----------|----------------:|--------------------:|-------------------------:|-------------------------:|
| (1, 1)    |             579 |                2.58 |                2.80347   |               97.4747    |
| (1, 2)    |            1574 |                7.02 |                7.62117   |               92.9162    |
| (1, 3)    |            7222 |               32.23 |               34.9683    |               90.3767    |
| (1, 4)    |            5738 |               25.61 |               27.7829    |               94.3285    |
| (1, 5)    |            3495 |               15.6  |               16.9225    |               89.7304    |
| (1, 6)    |            2030 |                9.06 |                9.82908   |               98.8315    |
| (1, <NA>) |              15 |                0.07 |                0.0726287 |              nan         |
| (2, 1)    |              13 |                0.06 |                0.755814  |                2.18855   |
| (2, 2)    |             117 |                0.52 |                6.80233   |                6.90673   |
| (2, 3)    |             763 |                3.41 |               44.3605    |                9.54824   |
| (2, 4)    |             336 |                1.5  |               19.5349    |                5.52359   |
| (2, 5)    |             390 |                1.74 |               22.6744    |               10.0128    |
| (2, 6)    |              20 |                0.09 |                1.16279   |                0.97371   |
| (2, <NA>) |              81 |                0.36 |                4.7093    |              nan         |
| (<NA>, 1) |               2 |                0.01 |              nan         |                0.3367    |
| (<NA>, 2) |               3 |                0.01 |              nan         |                0.177096  |
| (<NA>, 3) |               6 |                0.03 |              nan         |                0.0750845 |
| (<NA>, 4) |               9 |                0.04 |              nan         |                0.147953  |
| (<NA>, 5) |              10 |                0.04 |              nan         |                0.256739  |
| (<NA>, 6) |               4 |                0.02 |              nan         |                0.194742  |

       

|   fulltime |    4 |    2 |    3 |    5 |   1 |    6 |   expected_4 |   expected_2 |   expected_3 |   expected_5 |   expected_1 |   expected_6 |   delta_4 |   delta_2 |   delta_3 |   delta_5 |   delta_1 |   delta_6 |
|-----------:|-----:|-----:|-----:|-----:|----:|-----:|-------------:|-------------:|-------------:|-------------:|-------------:|-------------:|----------:|----------:|----------:|----------:|----------:|----------:|
|          1 | 5738 | 1574 | 7222 | 3495 | 579 | 2030 |         5627 |         1566 |         7397 |         3599 |          548 |         1899 |       111 |         8 |      -175 |      -104 |        31 |       131 |
|          2 |  336 |  117 |  763 |  390 |  13 |   20 |          446 |          124 |          587 |          285 |           43 |          150 |      -110 |        -7 |       176 |       105 |       -30 |      -130 |



Chi squared: 273.3806

P-value: 0.0000

Degrees of Freedom: 5
