|           |   abs_frequency |   rel_frequency_tot |   rel_f_race_by_tier |   rel_f_tier_by_race |
|:----------|----------------:|--------------------:|---------------------:|---------------------:|
| (1, 1)    |               6 |                0.03 |            5.71429   |            1.0101    |
| (1, 2)    |              13 |                0.06 |           12.381     |            0.767414  |
| (1, 3)    |              16 |                0.07 |           15.2381    |            0.200225  |
| (1, 4)    |              45 |                0.2  |           42.8571    |            0.739767  |
| (1, 5)    |              16 |                0.07 |           15.2381    |            0.410783  |
| (1, 6)    |               9 |                0.04 |            8.57143   |            0.438169  |
| (2, 1)    |              14 |                0.06 |            1.56076   |            2.3569    |
| (2, 2)    |              25 |                0.11 |            2.78707   |            1.4758    |
| (2, 3)    |             259 |                1.16 |           28.874     |            3.24115   |
| (2, 4)    |             189 |                0.84 |           21.0702    |            3.10702   |
| (2, 5)    |             261 |                1.16 |           29.097     |            6.7009    |
| (2, 6)    |             149 |                0.66 |           16.6109    |            7.25414   |
| (3, 1)    |             238 |                1.06 |           17.7215    |           40.0673    |
| (3, 2)    |              58 |                0.26 |            4.31869   |            3.42385   |
| (3, 3)    |             306 |                1.37 |           22.7848    |            3.82931   |
| (3, 4)    |             391 |                1.74 |           29.1139    |            6.42775   |
| (3, 5)    |             218 |                0.97 |           16.2323    |            5.59692   |
| (3, 6)    |             131 |                0.58 |            9.75428   |            6.3778    |
| (3, <NA>) |               1 |                0    |            0.0744602 |          nan         |
| (4, 1)    |              42 |                0.19 |           10.6061    |            7.07071   |
| (4, 2)    |               9 |                0.04 |            2.27273   |            0.531287  |
| (4, 3)    |              98 |                0.44 |           24.7475    |            1.22638   |
| (4, 4)    |             114 |                0.51 |           28.7879    |            1.87408   |
| (4, 5)    |              87 |                0.39 |           21.9697    |            2.23363   |
| (4, 6)    |              45 |                0.2  |           11.3636    |            2.19085   |
| (4, <NA>) |               1 |                0    |            0.252525  |          nan         |
| (5, 1)    |               4 |                0.02 |            3.2       |            0.673401  |
| (5, 2)    |               6 |                0.03 |            4.8       |            0.354191  |
| (5, 3)    |              47 |                0.21 |           37.6       |            0.588162  |
| (5, 4)    |              18 |                0.08 |           14.4       |            0.295907  |
| (5, 5)    |              25 |                0.11 |           20         |            0.641849  |
| (5, 6)    |              25 |                0.11 |           20         |            1.21714   |
| (6, 1)    |              19 |                0.08 |            3.75494   |            3.19865   |
| (6, 2)    |              40 |                0.18 |            7.90514   |            2.36128   |
| (6, 3)    |             172 |                0.77 |           33.9921    |            2.15242   |
| (6, 4)    |             111 |                0.5  |           21.9368    |            1.82476   |
| (6, 5)    |             105 |                0.47 |           20.751     |            2.69576   |
| (6, 6)    |              59 |                0.26 |           11.6601    |            2.87244   |
| (7, 1)    |             260 |                1.16 |            1.38919   |           43.771     |
| (7, 2)    |            1529 |                6.82 |            8.16948   |           90.2597    |
| (7, 3)    |            6978 |               31.14 |           37.2836    |           87.3232    |
| (7, 4)    |            5155 |               23.01 |           27.5433    |           84.7444    |
| (7, 5)    |            3108 |               13.87 |           16.6061    |           79.7946    |
| (7, 6)    |            1594 |                7.11 |            8.51678   |           77.6047    |
| (7, <NA>) |              92 |                0.41 |            0.491558  |          nan         |
| (8, 1)    |              10 |                0.04 |            3.30033   |            1.6835    |
| (8, 2)    |              13 |                0.06 |            4.29043   |            0.767414  |
| (8, 3)    |             111 |                0.5  |           36.6337    |            1.38906   |
| (8, 4)    |              57 |                0.25 |           18.8119    |            0.937038  |
| (8, 5)    |              73 |                0.33 |           24.0924    |            1.8742    |
| (8, 6)    |              37 |                0.17 |           12.2112    |            1.80136   |
| (8, <NA>) |               2 |                0.01 |            0.660066  |          nan         |
| (<NA>, 1) |               1 |                0    |          nan         |            0.16835   |
| (<NA>, 2) |               1 |                0    |          nan         |            0.0590319 |
| (<NA>, 3) |               4 |                0.02 |          nan         |            0.0500563 |
| (<NA>, 4) |               3 |                0.01 |          nan         |            0.0493178 |
| (<NA>, 5) |               2 |                0.01 |          nan         |            0.0513479 |
| (<NA>, 6) |               5 |                0.02 |          nan         |            0.243427  |

       

|   race |    4 |    2 |    3 |    5 |   1 |    6 |   expected_4 |   expected_2 |   expected_3 |   expected_5 |   expected_1 |   expected_6 |   delta_4 |   delta_2 |   delta_3 |   delta_5 |   delta_1 |   delta_6 |
|-------:|-----:|-----:|-----:|-----:|----:|-----:|-------------:|-------------:|-------------:|-------------:|-------------:|-------------:|----------:|----------:|----------:|----------:|----------:|----------:|
|      7 | 5155 | 1529 | 6978 | 3108 | 260 | 1594 |         5078 |         1414 |         6671 |         3251 |          495 |         1711 |        77 |       115 |       307 |      -143 |      -235 |      -117 |
|      4 |  114 |    9 |   98 |   87 |  42 |   45 |          107 |           29 |          141 |           68 |           10 |           36 |         7 |       -20 |       -43 |        19 |        32 |         9 |
|      2 |  189 |   25 |  259 |  261 |  14 |  149 |          244 |           68 |          321 |          156 |           23 |           82 |       -55 |       -43 |       -62 |       105 |        -9 |        67 |
|      3 |  391 |   58 |  306 |  218 | 238 |  131 |          365 |          101 |          480 |          234 |           35 |          123 |        26 |       -43 |      -174 |       -16 |       203 |         8 |
|      6 |  111 |   40 |  172 |  105 |  19 |   59 |          137 |           38 |          181 |           88 |           13 |           46 |       -26 |         2 |        -9 |        17 |         6 |        13 |
|      8 |   57 |   13 |  111 |   73 |  10 |   37 |           82 |           22 |          107 |           52 |            8 |           27 |       -25 |        -9 |         4 |        21 |         2 |        10 |
|      1 |   45 |   13 |   16 |   16 |   6 |    9 |           28 |            7 |           37 |           18 |            2 |            9 |        17 |         6 |       -21 |        -2 |         4 |         0 |
|      5 |   18 |    6 |   47 |   25 |   4 |   25 |           34 |            9 |           44 |           21 |            3 |           11 |       -16 |        -3 |         3 |         4 |         1 |        14 |



Chi squared: 1784.8508

P-value: 0.0000

Degrees of Freedom: 35
