|              |   abs_frequency |   rel_frequency_tot |   rel_f_race_by_fulltime |   rel_f_fulltime_by_race |
|:-------------|----------------:|--------------------:|-------------------------:|-------------------------:|
| (1, 1)       |              95 |                0.42 |                90.4762   |                0.459982  |
| (1, 2)       |              10 |                0.04 |                 9.52381  |                0.581395  |
| (2, 1)       |             854 |                3.81 |                95.2062   |                4.13499   |
| (2, 2)       |              42 |                0.19 |                 4.68227  |                2.44186   |
| (2, <NA>)    |               1 |                0    |                 0.111483 |              nan         |
| (3, 1)       |            1236 |                5.52 |                92.0328   |                5.9846    |
| (3, 2)       |             104 |                0.46 |                 7.74386  |                6.04651   |
| (3, <NA>)    |               3 |                0.01 |                 0.22338  |              nan         |
| (4, 1)       |             379 |                1.69 |                95.7071   |                1.83508   |
| (4, 2)       |              16 |                0.07 |                 4.0404   |                0.930233  |
| (4, <NA>)    |               1 |                0    |                 0.252525 |              nan         |
| (5, 1)       |             108 |                0.48 |                86.4      |                0.522926  |
| (5, 2)       |              16 |                0.07 |                12.8      |                0.930233  |
| (5, <NA>)    |               1 |                0    |                 0.8      |              nan         |
| (6, 1)       |             471 |                2.1  |                93.083    |                2.28054   |
| (6, 2)       |              35 |                0.16 |                 6.917    |                2.03488   |
| (7, 1)       |           17209 |               76.8  |                91.9481   |               83.3245    |
| (7, 2)       |            1480 |                6.61 |                 7.90767  |               86.0465    |
| (7, <NA>)    |              27 |                0.12 |                 0.144262 |              nan         |
| (8, 1)       |             286 |                1.28 |                94.3894   |                1.38479   |
| (8, 2)       |              17 |                0.08 |                 5.61056  |                0.988372  |
| (<NA>, 1)    |              15 |                0.07 |               nan        |                0.0726287 |
| (<NA>, <NA>) |               1 |                0    |               nan        |              nan         |

       

|   race |     1 |    2 |   expected_1 |   expected_2 |   delta_1 |   delta_2 |
|-------:|------:|-----:|-------------:|-------------:|----------:|----------:|
|      7 | 17209 | 1480 |        17251 |         1437 |       -42 |        43 |
|      4 |   379 |   16 |          364 |           30 |        15 |       -14 |
|      2 |   854 |   42 |          827 |           68 |        27 |       -26 |
|      3 |  1236 |  104 |         1236 |          103 |         0 |         1 |
|      6 |   471 |   35 |          467 |           38 |         4 |        -3 |
|      8 |   286 |   17 |          279 |           23 |         7 |        -6 |
|      1 |    95 |   10 |           96 |            8 |        -1 |         2 |
|      5 |   108 |   16 |          114 |            9 |        -6 |         7 |



Chi squared: 27.6467

P-value: 0.0003

Degrees of Freedom: 7
