|              |   abs_frequency |   rel_frequency_tot |   rel_f_race_by_male |   rel_f_male_by_race |
|:-------------|----------------:|--------------------:|---------------------:|---------------------:|
| (1, 0)       |              40 |                0.18 |           38.0952    |            0.407083  |
| (1, 1)       |              65 |                0.29 |           61.9048    |            0.516858  |
| (2, 0)       |             445 |                1.99 |           49.6098    |            4.5288    |
| (2, 1)       |             452 |                2.02 |           50.3902    |            3.59415   |
| (3, 0)       |             831 |                3.71 |           61.8764    |            8.45715   |
| (3, 1)       |             511 |                2.28 |           38.0491    |            4.0633    |
| (3, <NA>)    |               1 |                0    |            0.0744602 |          nan         |
| (4, 0)       |             172 |                0.77 |           43.4343    |            1.75046   |
| (4, 1)       |             224 |                1    |           56.5657    |            1.78117   |
| (5, 0)       |              58 |                0.26 |           46.4       |            0.590271  |
| (5, 1)       |              67 |                0.3  |           53.6       |            0.532761  |
| (6, 0)       |             242 |                1.08 |           47.8261    |            2.46285   |
| (6, 1)       |             264 |                1.18 |           52.1739    |            2.09924   |
| (7, 0)       |            7904 |               35.27 |           42.2312    |           80.4396    |
| (7, 1)       |           10809 |               48.24 |           57.7527    |           85.9494    |
| (7, <NA>)    |               3 |                0.01 |            0.0160291 |          nan         |
| (8, 0)       |             130 |                0.58 |           42.9043    |            1.32302   |
| (8, 1)       |             173 |                0.77 |           57.0957    |            1.37564   |
| (<NA>, 0)    |               4 |                0.02 |          nan         |            0.0407083 |
| (<NA>, 1)    |              11 |                0.05 |          nan         |            0.0874682 |
| (<NA>, <NA>) |               1 |                0    |          nan         |          nan         |

       

|   race |    0 |     1 |   expected_0 |   expected_1 |   delta_0 |   delta_1 |
|-------:|-----:|------:|-------------:|-------------:|----------:|----------:|
|      7 | 7904 | 10809 |         8210 |        10502 |      -306 |       307 |
|      4 |  172 |   224 |          173 |          222 |        -1 |         2 |
|      2 |  445 |   452 |          393 |          503 |        52 |       -51 |
|      3 |  831 |   511 |          588 |          753 |       243 |      -242 |
|      6 |  242 |   264 |          222 |          283 |        20 |       -19 |
|      8 |  130 |   173 |          132 |          170 |        -2 |         3 |
|      1 |   40 |    65 |           46 |           58 |        -6 |         7 |
|      5 |   58 |    67 |           54 |           70 |         4 |        -3 |



Chi squared: 214.9544

P-value: 0.0000

Degrees of Freedom: 7
